u1 =

  Columns 1 through 9

   61.4195  102.1798  150.0000   68.3768  106.2098  150.0000   74.3208  109.6134  150.0000
  124.4290  136.1955  150.0000  167.2490  181.1490  197.2377  203.8325  219.1146  236.6025
    1.0000    1.0000    1.0000    1.0000    1.0000    1.0000    1.0000    1.0000    1.0000

  Columns 10 through 15

  176.0870  196.1538  174.0000  192.8571  172.2222  190.0000
  127.4080  110.0296  170.7846  150.0000  207.7350  184.6410
    1.0000    1.0000    1.0000    1.0000    1.0000    1.0000

>> u2

u2 =

  Columns 1 through 9

   45.5272   63.4568   86.9447   61.6620   80.2653  104.1468   75.7981   94.7507  118.6606
  126.5989  136.7293  150.0000  165.9997  180.2731  198.5963  200.5196  217.7991  239.5982
    1.0000    1.0000    1.0000    1.0000    1.0000    1.0000    1.0000    1.0000    1.0000

  Columns 10 through 15

  135.5451  176.3357  147.5739  184.5258  157.8633  191.6139
  125.7710  105.4355  172.3407  150.0000  212.1766  188.5687
    1.0000    1.0000    1.0000    1.0000    1.0000    1.0000